[ 2.04065762e-02 -3.53084882e-02 -2.12682215e-03  1.00658776e-02
  1.01306654e-02  2.01277583e-02 -1.41740504e-02 -4.53257923e-03
  2.62296623e-02 -2.45817595e-03 -4.05404377e-02  2.47425530e-02
 -2.33404620e-03 -1.15177217e-02 -7.65845478e-03 -1.46573852e-02
  1.11496452e-02  3.10909401e-02 -1.26034841e-02 -1.13037179e-02
  7.49335578e-03 -3.15489345e-02  9.32998700e-03  1.65189290e-02
  9.17376938e-03 -1.09008866e-02 -1.41087583e-02  6.50440819e-03
  9.92363032e-03  2.76929575e-02 -2.29782054e-02 -6.29229447e-03
  7.75914188e-03  1.46448682e-02 -3.33022349e-02  7.40598919e-03
 -4.84102891e-03  2.55028333e-02  5.11954548e-03  8.48819867e-03
 -2.95784779e-02 -8.23478794e-04 -6.51702449e-03  7.13443175e-03
 -2.10496296e-02  2.85414919e-02  9.29649910e-03 -2.58544256e-02
  3.81243331e-03 -2.85502666e-02  1.17981233e-02  1.09129001e-02
 -2.49442685e-03  4.20486501e-02 -9.01381793e-03 -2.50308376e-02
  5.57157348e-03  5.79444647e-02 -5.23418978e-02  9.97690881e-01]